45
slab of Pt(111)
Pt      1.40212487       0.80951717      11.47847417 
Pt      1.40212487       2.42855151      13.75342203 
Pt      0.00000000       1.61903434      16.02762223 
Pt      1.40212487       0.80951717      18.30182243 
Pt      1.40212487       2.42855151      20.57677029 
Pt      0.00000000       3.23806868      11.47847417 
Pt     -0.00000000       4.85710301      13.75342203 
Pt     -1.40212487       4.04758584      16.02762223 
Pt      0.00000000       3.23806868      18.30182243 
Pt     -0.00000000       4.85710301      20.57677029 
Pt     -1.40212487       5.66662018      11.47847417 
Pt     -1.40212487       7.28565452      13.75342203 
Pt     -2.80424973       6.47613735      16.02762223 
Pt     -1.40212487       5.66662018      18.30182243 
Pt     -1.40212487       7.28565452      20.57677029 
Pt      4.20637460       0.80951717      11.47847417 
Pt      4.20637460       2.42855151      13.75342203 
Pt      2.80424973       1.61903434      16.02762223 
Pt      4.20637460       0.80951717      18.30182243 
Pt      4.20637460       2.42855151      20.57677029 
Pt      2.80424973       3.23806868      11.47847417 
Pt      2.80424973       4.85710301      13.75342203 
Pt      1.40212487       4.04758584      16.02762223 
Pt      2.80424973       3.23806868      18.30182243 
Pt      2.80424973       4.85710301      20.57677029 
Pt      1.40212487       5.66662018      11.47847417 
Pt      1.40212487       7.28565452      13.75342203 
Pt      0.00000000       6.47613735      16.02762223 
Pt      1.40212487       5.66662018      18.30182243 
Pt      1.40212487       7.28565452      20.57677029 
Pt      7.01062433       0.80951717      11.47847417 
Pt      7.01062433       2.42855151      13.75342203 
Pt      5.60849947       1.61903434      16.02762223 
Pt      7.01062433       0.80951717      18.30182243 
Pt      7.01062433       2.42855151      20.57677029 
Pt      5.60849947       3.23806868      11.47847417 
Pt      5.60849947       4.85710301      13.75342203 
Pt      4.20637460       4.04758584      16.02762223 
Pt      5.60849947       3.23806868      18.30182243 
Pt      5.60849947       4.85710301      20.57677029 
Pt      4.20637460       5.66662018      11.47847417 
Pt      4.20637460       7.28565452      13.75342203 
Pt      2.80424973       6.47613735      16.02762223 
Pt      4.20637460       5.66662018      18.30182243 
Pt      4.20637460       7.28565452      20.57677029 
