 #Cycle    Dmass_oxidation [ng]    Dmass_reduction [ng]    Dmass_residual [ng]    Dmass_half_redox [ng]    Q_oxidation [mC]    Q_reduction [mC]    |Q_ox+Q_red| (mC)    |Q_ox/Q_red|    |Dmass/Q|_red [ng/mC]    |Dmass/Q|_ox [ng/mC]
  1               113.742               -82.008                31.734               113.742                 7.999                -8.068                 0.069                 0.991                10.164                14.219
  2                88.534               -74.343                45.924               120.267                 7.983                -7.967                 0.016                 1.002                 9.331                11.090
  3                89.908               -74.852                60.981               135.832                 7.763                -7.791                 0.028                 0.996                 9.608                11.581
  4               100.422               -87.870                73.533               161.402                 7.532                -7.626                 0.094                 0.988                11.522                13.333
  5               113.546              -104.310                82.769               187.079                 7.313                -7.391                 0.078                 0.989                14.113                15.526
  6               125.552              -113.884                94.436               208.321                 7.122                -7.154                 0.032                 0.996                15.919                17.628
  7               127.900              -115.945               106.392               222.336                 6.893                -6.952                 0.060                 0.991                16.678                18.556
  8               123.601              -113.991               116.002               229.993                 6.671                -6.740                 0.069                 0.990                16.912                18.527
  9               117.383              -110.280               123.105               233.385                 6.472                -6.540                 0.067                 0.990                16.863                18.136
 10               109.040              -105.800               126.345               232.145                 6.297                -6.309                 0.012                 0.998                16.770                17.316
