# Cycle         Li+            H+     Electrons
      1    0.085990      1.925802     -1.375505
      2    0.125803      1.883257     -1.358226
      3    0.166751      1.847030     -1.328192
      4    0.198823      1.831045     -1.300117
      5    0.222185      1.820913     -1.259998
      6    0.253618      1.794895     -1.219625
      7    0.285045      1.773614     -1.185191
      8    0.309695      1.760723     -1.149103
      9    0.327437      1.754480     -1.114897
     10    0.336084      1.747815     -1.075512
