# Cycle         Li+            H+     Electrons
      1    0.547123      0.089164      1.363713
      2    0.562746      0.088088      1.360957
      3    0.600001      0.085588      1.323472
      4    0.663399      0.066352      1.284030
      5    0.725533      0.057568      1.246767
      6    0.776652      0.052235      1.214211
      7    0.807941      0.065527      1.175045
      8    0.821042      0.100273      1.137344
      9    0.822681      0.144339      1.103398
     10    0.812212      0.196175      1.073529
