

#Potential/V	Current/A
0	1.26E-05
0.001	1.28E-05
0.002	1.28E-05
0.003	1.30E-05
0.004	1.30E-05
0.005	1.31E-05
0.006	1.31E-05
0.007	1.29E-05
0.008	1.31E-05
0.009	1.33E-05
0.01	1.33E-05
0.011	1.32E-05
0.012	1.30E-05
0.013	1.32E-05
0.014	1.31E-05
0.015	1.29E-05
0.016	1.29E-05
0.017	1.27E-05
0.018	1.28E-05
0.019	1.28E-05
0.02	1.29E-05
0.021	1.30E-05
0.022	1.31E-05
0.023	1.30E-05
0.024	1.30E-05
0.025	1.30E-05
0.026	1.28E-05
0.027	1.27E-05
0.028	1.26E-05
0.029	1.27E-05
0.03	1.27E-05
0.031	1.27E-05
0.032	1.27E-05
0.033	1.29E-05
0.034	1.29E-05
0.035	1.28E-05
0.036	1.26E-05
0.037	1.26E-05
0.038	1.29E-05
0.039	1.30E-05
0.04	1.28E-05
0.041	1.28E-05
0.042	1.28E-05
0.043	1.29E-05
0.044	1.29E-05
0.045	1.28E-05
0.046	1.28E-05
0.047	1.28E-05
0.048	1.28E-05
0.049	1.26E-05
0.05	1.25E-05
0.051	1.26E-05
0.052	1.28E-05
0.053	1.28E-05
0.054	1.28E-05
0.055	1.26E-05
0.056	1.26E-05
0.057	1.25E-05
0.058	1.26E-05
0.059	1.27E-05
0.06	1.25E-05
0.061	1.28E-05
0.062	1.26E-05
0.063	1.23E-05
0.064	1.26E-05
0.065	1.25E-05
0.066	1.24E-05
0.067	1.25E-05
0.068	1.25E-05
0.069	1.24E-05
0.07	1.25E-05
0.071	1.25E-05
0.072	1.26E-05
0.073	1.24E-05
0.074	1.23E-05
0.075	1.24E-05
0.076	1.23E-05
0.077	1.21E-05
0.078	1.21E-05
0.079	1.25E-05
0.08	1.24E-05
0.081	1.23E-05
0.082	1.23E-05
0.083	1.23E-05
0.084	1.22E-05
0.085	1.21E-05
0.086	1.22E-05
0.087	1.27E-05
0.088	1.25E-05
0.089	1.23E-05
0.09	1.23E-05
0.091	1.22E-05
0.092	1.23E-05
0.093	1.23E-05
0.094	1.22E-05
0.095	1.21E-05
0.096	1.21E-05
0.097	1.22E-05
0.098	1.20E-05
0.099	1.19E-05
0.1	1.22E-05
0.101	1.22E-05
0.102	1.21E-05
0.103	1.22E-05
0.104	1.23E-05
0.105	1.23E-05
0.106	1.20E-05
0.107	1.20E-05
0.108	1.21E-05
0.109	1.23E-05
0.11	1.23E-05
0.111	1.21E-05
0.112	1.22E-05
0.113	1.20E-05
0.114	1.21E-05
0.115	1.21E-05
0.116	1.19E-05
0.117	1.21E-05
0.118	1.22E-05
0.119	1.21E-05
0.12	1.19E-05
0.121	1.17E-05
0.122	1.18E-05
0.123	1.19E-05
0.124	1.21E-05
0.125	1.19E-05
0.126	1.18E-05
0.127	1.19E-05
0.128	1.19E-05
0.129	1.17E-05
0.13	1.19E-05
0.131	1.19E-05
0.132	1.18E-05
0.133	1.20E-05
0.134	1.18E-05
0.135	1.18E-05
0.136	1.17E-05
0.137	1.16E-05
0.138	1.17E-05
0.139	1.15E-05
0.14	1.15E-05
0.141	1.18E-05
0.142	1.18E-05
0.143	1.17E-05
0.144	1.18E-05
0.145	1.16E-05
0.146	1.16E-05
0.147	1.16E-05
0.148	1.17E-05
0.149	1.17E-05
0.15	1.19E-05
0.151	1.16E-05
0.152	1.17E-05
0.153	1.16E-05
0.154	1.15E-05
0.155	1.17E-05
0.156	1.17E-05
0.157	1.15E-05
0.158	1.15E-05
0.159	1.14E-05
0.16	1.14E-05
0.161	1.15E-05
0.162	1.16E-05
0.163	1.15E-05
0.164	1.15E-05
0.165	1.18E-05
0.166	1.18E-05
0.167	1.19E-05
0.168	1.18E-05
0.169	1.18E-05
0.17	1.17E-05
0.171	1.15E-05
0.172	1.16E-05
0.173	1.19E-05
0.174	1.19E-05
0.175	1.17E-05
0.176	1.19E-05
0.177	1.20E-05
0.178	1.18E-05
0.179	1.19E-05
0.18	1.17E-05
0.181	1.18E-05
0.182	1.17E-05
0.183	1.18E-05
0.184	1.18E-05
0.185	1.19E-05
0.186	1.19E-05
0.187	1.18E-05
0.188	1.21E-05
0.189	1.21E-05
0.19	1.22E-05
0.191	1.22E-05
0.192	1.21E-05
0.193	1.20E-05
0.194	1.20E-05
0.195	1.22E-05
0.196	1.23E-05
0.197	1.22E-05
0.198	1.23E-05
0.199	1.24E-05
0.2	1.24E-05
0.201	1.25E-05
0.202	1.26E-05
0.203	1.27E-05
0.204	1.25E-05
0.205	1.26E-05
0.206	1.27E-05
0.207	1.28E-05
0.208	1.28E-05
0.209	1.29E-05
0.21	1.30E-05
0.211	1.33E-05
0.212	1.33E-05
0.213	1.32E-05
0.214	1.35E-05
0.215	1.34E-05
0.216	1.33E-05
0.217	1.36E-05
0.218	1.38E-05
0.219	1.38E-05
0.22	1.38E-05
0.221	1.38E-05
0.222	1.39E-05
0.223	1.39E-05
0.224	1.41E-05
0.225	1.41E-05
0.226	1.43E-05
0.227	1.45E-05
0.228	1.45E-05
0.229	1.44E-05
0.23	1.47E-05
0.231	1.47E-05
0.232	1.50E-05
0.233	1.50E-05
0.234	1.51E-05
0.235	1.52E-05
0.236	1.54E-05
0.237	1.56E-05
0.238	1.57E-05
0.239	1.59E-05
0.24	1.62E-05
0.241	1.64E-05
0.242	1.64E-05
0.243	1.65E-05
0.244	1.66E-05
0.245	1.67E-05
0.246	1.68E-05
0.247	1.70E-05
0.248	1.72E-05
0.249	1.73E-05
0.25	1.76E-05
0.251	1.79E-05
0.252	1.79E-05
0.253	1.80E-05
0.254	1.83E-05
0.255	1.84E-05
0.256	1.86E-05
0.257	1.88E-05
0.258	1.90E-05
0.259	1.90E-05
0.26	1.93E-05
0.261	1.94E-05
0.262	1.98E-05
0.263	2.00E-05
0.264	2.02E-05
0.265	2.01E-05
0.266	2.04E-05
0.267	2.05E-05
0.268	2.08E-05
0.269	2.10E-05
0.27	2.11E-05
0.271	2.13E-05
0.272	2.16E-05
0.273	2.17E-05
0.274	2.20E-05
0.275	2.23E-05
0.276	2.25E-05
0.277	2.26E-05
0.278	2.24E-05
0.279	2.26E-05
0.28	2.30E-05
0.281	2.33E-05
0.282	2.36E-05
0.283	2.37E-05
0.284	2.40E-05
0.285	2.40E-05
0.286	2.42E-05
0.287	2.42E-05
0.288	2.43E-05
0.289	2.46E-05
0.29	2.50E-05
0.291	2.50E-05
0.292	2.53E-05
0.293	2.52E-05
0.294	2.54E-05
0.295	2.56E-05
0.296	2.60E-05
0.297	2.62E-05
0.298	2.62E-05
0.299	2.65E-05
0.3	2.68E-05
0.301	2.69E-05
0.302	2.73E-05
0.303	2.76E-05
0.304	2.76E-05
0.305	2.80E-05
0.306	2.87E-05
0.307	2.91E-05
0.308	2.94E-05
0.309	2.99E-05
0.31	3.03E-05
0.311	3.07E-05
0.312	3.15E-05
0.313	3.24E-05
0.314	3.33E-05
0.315	3.40E-05
0.316	3.54E-05
0.317	3.67E-05
0.318	3.83E-05
0.319	4.05E-05
0.32	4.34E-05
0.321	4.70E-05
0.322	5.17E-05
0.323	5.71E-05
0.324	6.40E-05
0.325	7.24E-05
0.326	8.21E-05
0.327	9.34E-05
0.328	0.000106661
0.329	0.000121242
0.33	0.00013805
0.331	0.000157756
0.332	0.000181882
0.333	0.00021026
0.334	0.000244264
0.335	0.000285772
0.336	0.000335308
0.337	0.000396548
0.338	0.000474214
0.339	0.000571663
0.34	0.000685571
0.341	0.000808346
0.342	0.000929884
0.343	0.00104152
0.344	0.00114226
0.345	0.00123088
0.346	0.00130616
0.347	0.00137236
0.348	0.00142967
0.349	0.00147621
0.35	0.00151118
0.351	0.00153444
0.352	0.00153994
0.353	0.00152416
0.354	0.00148809
0.355	0.00143156
0.356	0.0013536
0.357	0.00125357
0.358	0.0011349
0.359	0.00100344
0.36	0.000866127
0.361	0.000730728
0.362	0.000605319
0.363	0.000496938
0.364	0.000408004
0.365	0.000336957
0.366	0.000282647
0.367	0.000240744
0.368	0.000207547
0.369	0.000181824
0.37	0.000161805
0.371	0.000145582
0.372	0.000132402
0.373	0.000122315
0.374	0.000112962
0.375	0.000105218
0.376	9.95E-05
0.377	9.37E-05
0.378	8.89E-05
0.379	8.47E-05
0.38	8.07E-05
0.381	7.68E-05
0.382	7.42E-05
0.383	7.18E-05
0.384	6.89E-05
0.385	6.65E-05
0.386	6.47E-05
0.387	6.25E-05
0.388	6.03E-05
0.389	5.93E-05
0.39	5.75E-05
0.391	5.63E-05
0.392	5.53E-05
0.393	5.39E-05
0.394	5.24E-05
0.395	5.16E-05
0.396	5.07E-05
0.397	4.94E-05
0.398	4.90E-05
0.399	4.85E-05
0.4	4.73E-05
0.401	4.69E-05
0.402	4.67E-05
0.403	4.60E-05
0.404	4.56E-05
0.405	4.55E-05
0.406	4.47E-05
0.407	4.39E-05
0.408	4.43E-05
0.409	4.37E-05
0.41	4.36E-05
0.411	4.34E-05
0.412	4.31E-05
0.413	4.26E-05
0.414	4.24E-05
0.415	4.25E-05
0.416	4.18E-05
0.417	4.14E-05
0.418	4.16E-05
0.419	4.09E-05
0.42	4.06E-05
0.421	4.11E-05
0.422	4.05E-05
0.423	4.00E-05
0.424	3.98E-05
0.425	4.01E-05
0.426	3.97E-05
0.427	3.95E-05
0.428	3.94E-05
0.429	3.90E-05
0.43	3.87E-05
0.431	3.87E-05
0.432	3.82E-05
0.433	3.82E-05
0.434	3.83E-05
0.435	3.77E-05
0.436	3.77E-05
0.437	3.77E-05
0.438	3.72E-05
0.439	3.71E-05
0.44	3.76E-05
0.441	3.73E-05
0.442	3.72E-05
0.443	3.72E-05
0.444	3.69E-05
0.445	3.66E-05
0.446	3.65E-05
0.447	3.70E-05
0.448	3.66E-05
0.449	3.66E-05
		
0.45	2.49E-05
0.449	-2.00E-06
0.448	-9.01E-06
0.447	-1.27E-05
0.446	-1.51E-05
0.445	-1.61E-05
0.444	-1.69E-05
0.443	-1.81E-05
0.442	-1.92E-05
0.441	-2.02E-05
0.44	-2.11E-05
0.439	-2.13E-05
0.438	-2.15E-05
0.437	-2.20E-05
0.436	-2.22E-05
0.435	-2.23E-05
0.434	-2.25E-05
0.433	-2.26E-05
0.432	-2.23E-05
0.431	-2.26E-05
0.43	-2.32E-05
0.429	-2.31E-05
0.428	-2.36E-05
0.427	-2.37E-05
0.426	-2.36E-05
0.425	-2.36E-05
0.424	-2.43E-05
0.423	-2.43E-05
0.422	-2.41E-05
0.421	-2.44E-05
0.42	-2.46E-05
0.419	-2.43E-05
0.418	-2.48E-05
0.417	-2.50E-05
0.416	-2.51E-05
0.415	-2.52E-05
0.414	-2.58E-05
0.413	-2.51E-05
0.412	-2.53E-05
0.411	-2.58E-05
0.41	-2.60E-05
0.409	-2.61E-05
0.408	-2.63E-05
0.407	-2.62E-05
0.406	-2.61E-05
0.405	-2.68E-05
0.404	-2.66E-05
0.403	-2.67E-05
0.402	-2.67E-05
0.401	-2.70E-05
0.4	-2.71E-05
0.399	-2.74E-05
0.398	-2.78E-05
0.397	-2.72E-05
0.396	-2.71E-05
0.395	-2.76E-05
0.394	-2.74E-05
0.393	-2.75E-05
0.392	-2.81E-05
0.391	-2.78E-05
0.39	-2.81E-05
0.389	-2.85E-05
0.388	-2.85E-05
0.387	-2.82E-05
0.386	-2.87E-05
0.385	-2.86E-05
0.384	-2.86E-05
0.383	-2.86E-05
0.382	-2.91E-05
0.381	-2.89E-05
0.38	-2.92E-05
0.379	-2.99E-05
0.378	-3.01E-05
0.377	-3.01E-05
0.376	-3.05E-05
0.375	-3.04E-05
0.374	-3.00E-05
0.373	-3.07E-05
0.372	-3.11E-05
0.371	-3.09E-05
0.37	-3.15E-05
0.369	-3.19E-05
0.368	-3.19E-05
0.367	-3.21E-05
0.366	-3.29E-05
0.365	-3.32E-05
0.364	-3.32E-05
0.363	-3.37E-05
0.362	-3.38E-05
0.361	-3.40E-05
0.36	-3.48E-05
0.359	-3.47E-05
0.358	-3.57E-05
0.357	-3.57E-05
0.356	-3.59E-05
0.355	-3.58E-05
0.354	-3.67E-05
0.353	-3.77E-05
0.352	-3.82E-05
0.351	-3.83E-05
0.35	-3.92E-05
0.349	-3.91E-05
0.348	-3.98E-05
0.347	-4.12E-05
0.346	-4.11E-05
0.345	-4.17E-05
0.344	-4.32E-05
0.343	-4.35E-05
0.342	-4.38E-05
0.341	-4.54E-05
0.34	-4.65E-05
0.339	-4.73E-05
0.338	-4.83E-05
0.337	-4.93E-05
0.336	-4.99E-05
0.335	-5.10E-05
0.334	-5.26E-05
0.333	-5.35E-05
0.332	-5.46E-05
0.331	-5.68E-05
0.33	-5.78E-05
0.329	-5.87E-05
0.328	-6.10E-05
0.327	-6.26E-05
0.326	-6.44E-05
0.325	-6.67E-05
0.324	-6.85E-05
0.323	-7.01E-05
0.322	-7.25E-05
0.321	-7.52E-05
0.32	-7.74E-05
0.319	-7.99E-05
0.318	-8.31E-05
0.317	-8.59E-05
0.316	-8.86E-05
0.315	-9.24E-05
0.314	-9.62E-05
0.313	-0.00010010
0.312	-0.00010424
0.311	-0.00010809
0.31	-0.00011262
0.309	-0.00011782
0.308	-0.00012293
0.307	-0.00012954
0.306	-0.00013542
0.305	-0.00014183
0.304	-0.00014789
0.303	-0.00015497
0.302	-0.00016312
0.301	-0.00017073
0.3	-0.00017890
0.299	-0.00018793
0.298	-0.00019716
0.297	-0.00020657
0.296	-0.00021702
0.295	-0.00022747
0.294	-0.00023783
0.293	-0.00024983
0.292	-0.00026165
0.291	-0.00027274
0.29	-0.00028533
0.289	-0.00029957
0.288	-0.00031328
0.287	-0.00032695
0.286	-0.00034171
0.285	-0.00035590
0.284	-0.00037052
0.283	-0.00038675
0.282	-0.00040240
0.281	-0.00041801
0.28	-0.00043472
0.279	-0.00045173
0.278	-0.00046912
0.277	-0.00048715
0.276	-0.00050541
0.275	-0.00052299
0.274	-0.00054107
0.273	-0.00055996
0.272	-0.00057753
0.271	-0.00059501
0.27	-0.00061410
0.269	-0.00063115
0.268	-0.00064746
0.267	-0.00066563
0.266	-0.00068168
0.265	-0.00069579
0.264	-0.00070903
0.263	-0.00071922
0.262	-0.00072523
0.261	-0.00072428
0.26	-0.00071440
0.259	-0.00069149
0.258	-0.00065491
0.257	-0.00060776
0.256	-0.00055459
0.255	-0.00050145
0.254	-0.00045273
0.253	-0.00041031
0.252	-0.00037541
0.251	-0.00034644
0.25	-0.00032163
0.249	-0.00029978
0.248	-0.00028092
0.247	-0.00026437
0.246	-0.00024959
0.245	-0.00023636
0.244	-0.00022397
0.243	-0.00021279
0.242	-0.00020267
0.241	-0.00019314
0.24	-0.00018412
0.239	-0.00017595
0.238	-0.00016838
0.237	-0.00016120
0.236	-0.00015423
0.235	-0.00014747
0.234	-0.00014130
0.233	-0.00013535
0.232	-0.00012993
0.231	-0.00012447
0.23	-0.00011963
0.229	-0.00011469
0.228	-0.00010993
0.227	-0.00010547
0.226	-0.00010142
0.225	-9.75E-05
0.224	-9.35E-05
0.223	-8.98E-05
0.222	-8.60E-05
0.221	-8.24E-05
0.22	-7.91E-05
0.219	-7.57E-05
0.218	-7.27E-05
0.217	-6.97E-05
0.216	-6.66E-05
0.215	-6.40E-05
0.214	-6.14E-05
0.213	-5.89E-05
0.212	-5.62E-05
0.211	-5.38E-05
0.21	-5.15E-05
0.209	-4.93E-05
0.208	-4.73E-05
0.207	-4.53E-05
0.206	-4.30E-05
0.205	-4.14E-05
0.204	-3.97E-05
0.203	-3.79E-05
0.202	-3.60E-05
0.201	-3.42E-05
0.2	-3.28E-05
0.199	-3.12E-05
0.198	-2.99E-05
0.197	-2.85E-05
0.196	-2.74E-05
0.195	-2.59E-05
0.194	-2.46E-05
0.193	-2.39E-05
0.192	-2.25E-05
0.191	-2.14E-05
0.19	-2.05E-05
0.189	-1.94E-05
0.188	-1.87E-05
0.187	-1.76E-05
0.186	-1.66E-05
0.185	-1.55E-05
0.184	-1.47E-05
0.183	-1.39E-05
0.182	-1.33E-05
0.181	-1.27E-05
0.18	-1.20E-05
0.179	-1.11E-05
0.178	-1.03E-05
0.177	-1.00E-05
0.176	-9.29E-06
0.175	-8.81E-06
0.174	-8.25E-06
0.173	-7.76E-06
0.172	-7.18E-06
0.171	-6.49E-06
0.17	-6.00E-06
0.169	-5.44E-06
0.168	-5.00E-06
0.167	-4.49E-06
0.166	-4.16E-06
0.165	-3.85E-06
0.164	-3.27E-06
0.163	-2.86E-06
0.162	-2.59E-06
0.161	-2.21E-06
0.16	-1.91E-06
0.159	-1.65E-06
0.158	-1.12E-06
0.157	-9.64E-07
0.156	-7.18E-07
0.155	-3.54E-07
0.154	-9.84E-08
0.153	1.36E-07
0.152	4.62E-07
0.151	9.51E-07
0.15	1.16E-06
0.149	1.29E-06
0.148	1.51E-06
0.147	1.77E-06
0.146	2.10E-06
0.145	2.33E-06
0.144	2.72E-06
0.143	2.85E-06
0.142	3.15E-06
0.141	3.35E-06
0.14	3.35E-06
0.139	3.53E-06
0.138	3.77E-06
0.137	4.03E-06
0.136	4.02E-06
0.135	4.15E-06
0.134	4.46E-06
0.133	4.27E-06
0.132	4.46E-06
0.131	4.61E-06
0.13	4.64E-06
0.129	4.67E-06
0.128	5.26E-06
0.127	5.29E-06
0.126	5.34E-06
0.125	5.46E-06
0.124	5.65E-06
0.123	5.60E-06
0.122	5.76E-06
0.121	5.72E-06
0.12	5.76E-06
0.119	6.18E-06
0.118	6.23E-06
0.117	6.27E-06
0.116	6.33E-06
0.115	6.30E-06
0.114	6.46E-06
0.113	6.50E-06
0.112	6.52E-06
0.111	6.38E-06
0.11	6.60E-06
0.109	6.96E-06
0.108	7.02E-06
0.107	7.08E-06
0.106	7.09E-06
0.105	7.21E-06
0.104	7.45E-06
0.103	7.52E-06
0.102	7.59E-06
0.101	7.62E-06
0.1	7.72E-06
0.099	7.76E-06
0.098	7.57E-06
0.097	7.81E-06
0.096	7.70E-06
0.095	7.90E-06
0.094	7.75E-06
0.093	7.98E-06
0.092	7.85E-06
0.091	7.97E-06
0.09	8.07E-06
0.089	8.08E-06
0.088	8.19E-06
0.087	8.21E-06
0.086	8.22E-06
0.085	8.41E-06
0.084	8.39E-06
0.083	8.39E-06
0.082	8.71E-06
0.081	8.45E-06
0.08	8.25E-06
0.079	8.44E-06
0.078	8.44E-06
0.077	8.49E-06
0.076	8.46E-06
0.075	8.53E-06
0.074	8.42E-06
0.073	8.59E-06
0.072	8.65E-06
0.071	8.75E-06
0.07	8.86E-06
0.069	8.69E-06
0.068	8.85E-06
0.067	9.02E-06
0.066	9.25E-06
0.065	9.11E-06
0.064	9.15E-06
0.063	8.90E-06
0.062	9.31E-06
0.061	9.12E-06
0.06	9.13E-06
0.059	9.15E-06
0.058	9.36E-06
0.057	9.36E-06
0.056	9.33E-06
0.055	9.32E-06
0.054	9.38E-06
0.053	9.35E-06
0.052	9.43E-06
0.051	9.69E-06
0.05	9.81E-06
0.049	9.66E-06
0.048	9.75E-06
0.047	9.77E-06
0.046	9.68E-06
0.045	9.67E-06
0.044	9.95E-06
0.043	1.02E-05
0.042	1.00E-05
0.041	9.89E-06
0.04	9.87E-06
0.039	9.92E-06
0.038	1.01E-05
0.037	1.01E-05
0.036	1.01E-05
0.035	1.02E-05
0.034	1.01E-05
0.033	1.03E-05
0.032	1.04E-05
0.031	1.04E-05
0.03	1.05E-05
0.029	1.02E-05
0.028	1.01E-05
0.027	1.03E-05
0.026	1.05E-05
0.025	1.06E-05
0.024	1.06E-05
0.023	1.06E-05
0.022	1.09E-05
0.021	1.07E-05
0.02	1.10E-05
0.019	1.10E-05
0.018	1.09E-05
0.017	1.09E-05
0.016	1.10E-05
0.015	1.10E-05
0.014	1.08E-05
0.013	1.09E-05
0.012	1.08E-05
0.011	1.07E-05
0.01	1.11E-05
0.009	1.10E-05
0.008	1.09E-05
0.007	1.10E-05
0.006	1.12E-05
0.005	1.13E-05
0.004	1.12E-05
0.003	1.11E-05
0.002	1.10E-05
0.001	1.12E-05
		
0	1.13E-05
0.001	1.14E-05
0.002	1.18E-05
0.003	1.17E-05
0.004	1.17E-05
0.005	1.19E-05
0.006	1.18E-05
0.007	1.17E-05
0.008	1.17E-05
0.009	1.19E-05
0.01	1.20E-05
0.011	1.18E-05
0.012	1.19E-05
0.013	1.21E-05
0.014	1.19E-05
0.015	1.19E-05
0.016	1.22E-05
0.017	1.22E-05
0.018	1.20E-05
0.019	1.21E-05
0.02	1.20E-05
0.021	1.19E-05
0.022	1.19E-05
0.023	1.20E-05
0.024	1.21E-05
0.025	1.20E-05
0.026	1.20E-05
0.027	1.22E-05
0.028	1.22E-05
0.029	1.22E-05
0.03	1.21E-05
0.031	1.19E-05
0.032	1.19E-05
0.033	1.19E-05
0.034	1.19E-05
0.035	1.20E-05
0.036	1.22E-05
0.037	1.21E-05
0.038	1.22E-05
0.039	1.19E-05
0.04	1.19E-05
0.041	1.21E-05
0.042	1.22E-05
0.043	1.21E-05
0.044	1.22E-05
0.045	1.20E-05
0.046	1.18E-05
0.047	1.19E-05
0.048	1.19E-05
0.049	1.18E-05
0.05	1.20E-05
0.051	1.18E-05
0.052	1.18E-05
0.053	1.19E-05
0.054	1.20E-05
0.055	1.20E-05
0.056	1.17E-05
0.057	1.21E-05
0.058	1.24E-05
0.059	1.22E-05
0.06	1.19E-05
0.061	1.17E-05
0.062	1.17E-05
0.063	1.21E-05
0.064	1.22E-05
0.065	1.20E-05
0.066	1.20E-05
0.067	1.20E-05
0.068	1.18E-05
0.069	1.20E-05
0.07	1.17E-05
0.071	1.17E-05
0.072	1.17E-05
0.073	1.18E-05
0.074	1.18E-05
0.075	1.19E-05
0.076	1.19E-05
0.077	1.19E-05
0.078	1.19E-05
0.079	1.17E-05
0.08	1.17E-05
0.081	1.17E-05
0.082	1.18E-05
0.083	1.18E-05
0.084	1.18E-05
0.085	1.15E-05
0.086	1.15E-05
0.087	1.17E-05
0.088	1.19E-05
0.089	1.18E-05
0.09	1.18E-05
0.091	1.17E-05
0.092	1.17E-05
0.093	1.17E-05
0.094	1.17E-05
0.095	1.19E-05
0.096	1.16E-05
0.097	1.19E-05
0.098	1.19E-05
0.099	1.20E-05
0.1	1.17E-05
0.101	1.16E-05
0.102	1.17E-05
0.103	1.17E-05
0.104	1.16E-05
0.105	1.17E-05
0.106	1.18E-05
0.107	1.17E-05
0.108	1.16E-05
0.109	1.15E-05
0.11	1.15E-05
0.111	1.16E-05
0.112	1.15E-05
0.113	1.15E-05
0.114	1.17E-05
0.115	1.16E-05
0.116	1.17E-05
0.117	1.15E-05
0.118	1.15E-05
0.119	1.12E-05
0.12	1.14E-05
0.121	1.15E-05
0.122	1.15E-05
0.123	1.18E-05
0.124	1.16E-05
0.125	1.15E-05
0.126	1.15E-05
0.127	1.14E-05
0.128	1.15E-05
0.129	1.16E-05
0.13	1.17E-05
0.131	1.16E-05
0.132	1.17E-05
0.133	1.15E-05
0.134	1.15E-05
0.135	1.13E-05
0.136	1.13E-05
0.137	1.14E-05
0.138	1.15E-05
0.139	1.14E-05
0.14	1.15E-05
0.141	1.15E-05
0.142	1.15E-05
0.143	1.16E-05
0.144	1.15E-05
0.145	1.15E-05
0.146	1.15E-05
0.147	1.15E-05
0.148	1.15E-05
0.149	1.15E-05
0.15	1.16E-05
0.151	1.14E-05
0.152	1.15E-05
0.153	1.16E-05
0.154	1.16E-05
0.155	1.16E-05
0.156	1.16E-05
0.157	1.16E-05
0.158	1.16E-05
0.159	1.16E-05
0.16	1.15E-05
0.161	1.13E-05
0.162	1.12E-05
0.163	1.15E-05
0.164	1.15E-05
0.165	1.14E-05
0.166	1.17E-05
0.167	1.16E-05
0.168	1.17E-05
0.169	1.19E-05
0.17	1.15E-05
0.171	1.17E-05
0.172	1.15E-05
0.173	1.15E-05
0.174	1.16E-05
0.175	1.18E-05
0.176	1.17E-05
0.177	1.16E-05
0.178	1.18E-05
0.179	1.17E-05
0.18	1.17E-05
0.181	1.19E-05
0.182	1.18E-05
0.183	1.16E-05
0.184	1.17E-05
0.185	1.18E-05
0.186	1.19E-05
0.187	1.21E-05
0.188	1.20E-05
0.189	1.19E-05
0.19	1.19E-05
0.191	1.22E-05
0.192	1.23E-05
0.193	1.24E-05
0.194	1.23E-05
0.195	1.19E-05
0.196	1.18E-05
0.197	1.23E-05
0.198	1.23E-05
0.199	1.23E-05
0.2	1.24E-05
0.201	1.26E-05
0.202	1.26E-05
0.203	1.25E-05
0.204	1.25E-05
0.205	1.25E-05
0.206	1.28E-05
0.207	1.29E-05
0.208	1.29E-05
0.209	1.30E-05
0.21	1.31E-05
0.211	1.31E-05
0.212	1.30E-05
0.213	1.30E-05
0.214	1.31E-05
0.215	1.34E-05
0.216	1.35E-05
0.217	1.35E-05
0.218	1.36E-05
0.219	1.36E-05
0.22	1.35E-05
0.221	1.38E-05
0.222	1.40E-05
0.223	1.38E-05
0.224	1.38E-05
0.225	1.42E-05
0.226	1.42E-05
0.227	1.42E-05
0.228	1.44E-05
0.229	1.47E-05
0.23	1.45E-05
0.231	1.47E-05
0.232	1.50E-05
0.233	1.52E-05
0.234	1.50E-05
0.235	1.51E-05
0.236	1.54E-05
0.237	1.53E-05
0.238	1.55E-05
0.239	1.59E-05
0.24	1.58E-05
0.241	1.60E-05
0.242	1.60E-05
0.243	1.63E-05
0.244	1.64E-05
0.245	1.65E-05
0.246	1.69E-05
0.247	1.70E-05
0.248	1.69E-05
0.249	1.70E-05
0.25	1.73E-05
0.251	1.74E-05
0.252	1.76E-05
0.253	1.78E-05
0.254	1.80E-05
0.255	1.82E-05
0.256	1.82E-05
0.257	1.84E-05
0.258	1.87E-05
0.259	1.88E-05
0.26	1.90E-05
0.261	1.94E-05
0.262	1.94E-05
0.263	1.96E-05
0.264	1.99E-05
0.265	2.02E-05
0.266	2.06E-05
0.267	2.06E-05
0.268	2.05E-05
0.269	2.07E-05
0.27	2.10E-05
0.271	2.12E-05
0.272	2.13E-05
0.273	2.16E-05
0.274	2.16E-05
0.275	2.19E-05
0.276	2.19E-05
0.277	2.21E-05
0.278	2.24E-05
0.279	2.30E-05
0.28	2.31E-05
0.281	2.30E-05
0.282	2.32E-05
0.283	2.33E-05
0.284	2.36E-05
0.285	2.40E-05
0.286	2.41E-05
0.287	2.42E-05
0.288	2.40E-05
0.289	2.41E-05
0.29	2.45E-05
0.291	2.48E-05
0.292	2.49E-05
0.293	2.50E-05
0.294	2.51E-05
0.295	2.54E-05
0.296	2.58E-05
0.297	2.58E-05
0.298	2.62E-05
0.299	2.65E-05
0.3	2.68E-05
0.301	2.70E-05
0.302	2.73E-05
0.303	2.75E-05
0.304	2.78E-05
0.305	2.81E-05
0.306	2.87E-05
0.307	2.90E-05
0.308	2.95E-05
0.309	3.01E-05
0.31	3.08E-05
0.311	3.14E-05
0.312	3.24E-05
0.313	3.31E-05
0.314	3.42E-05
0.315	3.53E-05
0.316	3.69E-05
0.317	3.88E-05
0.318	4.13E-05
0.319	4.44E-05
0.32	4.82E-05
0.321	5.32E-05
0.322	5.93E-05
0.323	6.67E-05
0.324	7.55E-05
0.325	8.56E-05
0.326	9.77E-05
0.327	0.000111836
0.328	0.000128808
0.329	0.000147708
0.33	0.000168759
0.331	0.000193526
0.332	0.00022367
0.333	0.00025994
0.334	0.000304607
0.335	0.000359833
0.336	0.000426348
0.337	0.000507147
0.338	0.000602985
0.339	0.000707692
0.34	0.000815777
0.341	0.000921766
0.342	0.00101818
0.343	0.0011031
0.344	0.00117938
0.345	0.00124643
0.346	0.00130218
0.347	0.00135052
0.348	0.00139024
0.349	0.00141708
0.35	0.00142887
0.351	0.00142521
0.352	0.00140301
0.353	0.00136349
0.354	0.00130766
0.355	0.00123365
0.356	0.00114347
0.357	0.00103988
0.358	0.000927504
0.359	0.000814477
0.36	0.000704048
0.361	0.000601635
0.362	0.000510733
0.363	0.000432573
0.364	0.000367654
0.365	0.000314138
0.366	0.000271207
0.367	0.000236818
0.368	0.000208299
0.369	0.00018491
0.37	0.000166116
0.371	0.000150337
0.372	0.000137069
0.373	0.000126683
0.374	0.000117093
0.375	0.000109293
0.376	0.000102826
0.377	9.67E-05
0.378	9.14E-05
0.379	8.67E-05
0.38	8.26E-05
0.381	7.84E-05
0.382	7.53E-05
0.383	7.28E-05
0.384	6.98E-05
0.385	6.68E-05
0.386	6.49E-05
0.387	6.22E-05
0.388	5.99E-05
0.389	5.84E-05
0.39	5.65E-05
0.391	5.49E-05
0.392	5.37E-05
0.393	5.22E-05
0.394	5.09E-05
0.395	5.02E-05
0.396	4.93E-05
0.397	4.80E-05
0.398	4.71E-05
0.399	4.68E-05
0.4	4.58E-05
0.401	4.51E-05
0.402	4.50E-05
0.403	4.40E-05
0.404	4.35E-05
0.405	4.31E-05
0.406	4.25E-05
0.407	4.20E-05
0.408	4.18E-05
0.409	4.16E-05
0.41	4.20E-05
0.411	4.18E-05
0.412	4.14E-05
0.413	4.07E-05
0.414	4.06E-05
0.415	4.07E-05
0.416	4.07E-05
0.417	4.02E-05
0.418	4.01E-05
0.419	3.93E-05
0.42	3.92E-05
0.421	3.93E-05
0.422	3.91E-05
0.423	3.88E-05
0.424	3.92E-05
0.425	3.88E-05
0.426	3.82E-05
0.427	3.86E-05
0.428	3.82E-05
0.429	3.79E-05
0.43	3.79E-05
0.431	3.80E-05
0.432	3.75E-05
0.433	3.73E-05
0.434	3.76E-05
0.435	3.72E-05
0.436	3.71E-05
0.437	3.74E-05
0.438	3.73E-05
0.439	3.69E-05
0.44	3.75E-05
0.441	3.74E-05
0.442	3.72E-05
0.443	3.72E-05
0.444	3.73E-05
0.445	3.71E-05
0.446	3.71E-05
0.447	3.75E-05
0.448	3.73E-05
0.449	3.72E-05
		
#Potential/V	Current/Hz
0.45	2.51E-05
0.449	-2.93E-06
0.448	-1.09E-05
0.447	-1.46E-05
0.446	-1.68E-05
0.445	-1.81E-05
0.444	-1.94E-05
0.443	-2.09E-05
0.442	-2.16E-05
0.441	-2.22E-05
0.44	-2.31E-05
0.439	-2.35E-05
0.438	-2.38E-05
0.437	-2.46E-05
0.436	-2.52E-05
0.435	-2.57E-05
0.434	-2.62E-05
0.433	-2.65E-05
0.432	-2.62E-05
0.431	-2.68E-05
0.43	-2.73E-05
0.429	-2.67E-05
0.428	-2.67E-05
0.427	-2.70E-05
0.426	-2.68E-05
0.425	-2.69E-05
0.424	-2.72E-05
0.423	-2.71E-05
0.422	-2.71E-05
0.421	-2.72E-05
0.42	-2.73E-05
0.419	-2.69E-05
0.418	-2.75E-05
0.417	-2.80E-05
0.416	-2.78E-05
0.415	-2.79E-05
0.414	-2.80E-05
0.413	-2.80E-05
0.412	-2.79E-05
0.411	-2.82E-05
0.41	-2.81E-05
0.409	-2.83E-05
0.408	-2.87E-05
0.407	-2.84E-05
0.406	-2.84E-05
0.405	-2.91E-05
0.404	-2.90E-05
0.403	-2.88E-05
0.402	-2.92E-05
0.401	-2.92E-05
0.4	-2.91E-05
0.399	-2.90E-05
0.398	-2.95E-05
0.397	-2.94E-05
0.396	-2.92E-05
0.395	-2.98E-05
0.394	-2.95E-05
0.393	-2.93E-05
0.392	-3.01E-05
0.391	-2.98E-05
0.39	-3.01E-05
0.389	-3.06E-05
0.388	-3.07E-05
0.387	-3.05E-05
0.386	-3.08E-05
0.385	-3.11E-05
0.384	-3.09E-05
0.383	-3.08E-05
0.382	-3.13E-05
0.381	-3.13E-05
0.38	-3.13E-05
0.379	-3.20E-05
0.378	-3.16E-05
0.377	-3.19E-05
0.376	-3.25E-05
0.375	-3.24E-05
0.374	-3.24E-05
0.373	-3.32E-05
0.372	-3.28E-05
0.371	-3.26E-05
0.37	-3.30E-05
0.369	-3.33E-05
0.368	-3.32E-05
0.367	-3.36E-05
0.366	-3.43E-05
0.365	-3.40E-05
0.364	-3.43E-05
0.363	-3.53E-05
0.362	-3.51E-05
0.361	-3.53E-05
0.36	-3.61E-05
0.359	-3.61E-05
0.358	-3.68E-05
0.357	-3.69E-05
0.356	-3.71E-05
0.355	-3.70E-05
0.354	-3.77E-05
0.353	-3.84E-05
0.352	-3.87E-05
0.351	-3.91E-05
0.35	-4.01E-05
0.349	-4.06E-05
0.348	-4.11E-05
0.347	-4.21E-05
0.346	-4.22E-05
0.345	-4.26E-05
0.344	-4.35E-05
0.343	-4.40E-05
0.342	-4.42E-05
0.341	-4.55E-05
0.34	-4.67E-05
0.339	-4.74E-05
0.338	-4.84E-05
0.337	-4.95E-05
0.336	-5.03E-05
0.335	-5.13E-05
0.334	-5.27E-05
0.333	-5.38E-05
0.332	-5.49E-05
0.331	-5.67E-05
0.33	-5.74E-05
0.329	-5.83E-05
0.328	-6.05E-05
0.327	-6.20E-05
0.326	-6.36E-05
0.325	-6.56E-05
0.324	-6.71E-05
0.323	-6.83E-05
0.322	-7.06E-05
0.321	-7.33E-05
0.32	-7.54E-05
0.319	-7.81E-05
0.318	-8.15E-05
0.317	-8.34E-05
0.316	-8.65E-05
0.315	-9.02E-05
0.314	-9.33E-05
0.313	-9.67E-05
0.312	-0.00010108
0.311	-0.00010482
0.31	-0.00010860
0.309	-0.00011327
0.308	-0.00011880
0.307	-0.00012465
0.306	-0.00013041
0.305	-0.00013658
0.304	-0.00014213
0.303	-0.00014881
0.302	-0.00015658
0.301	-0.00016402
0.3	-0.00017209
0.299	-0.00018103
0.298	-0.00018924
0.297	-0.00019813
0.296	-0.00020833
0.295	-0.00021843
0.294	-0.00022831
0.293	-0.00023958
0.292	-0.00025084
0.291	-0.00026178
0.29	-0.00027364
0.289	-0.00028657
0.288	-0.00029901
0.287	-0.00031251
0.286	-0.00032667
0.285	-0.00034014
0.284	-0.00035324
0.283	-0.00036780
0.282	-0.00038314
0.281	-0.00039805
0.28	-0.00041345
0.279	-0.00042931
0.278	-0.00044493
0.277	-0.00046110
0.276	-0.00047822
0.275	-0.00049532
0.274	-0.00051218
0.273	-0.00052990
0.272	-0.00054619
0.271	-0.00056249
0.27	-0.00057956
0.269	-0.00059562
0.268	-0.00061138
0.267	-0.00062766
0.266	-0.00064163
0.265	-0.00065501
0.264	-0.00066821
0.263	-0.00067828
0.262	-0.00068403
0.261	-0.00068377
0.26	-0.00067456
0.259	-0.00065252
0.258	-0.00061745
0.257	-0.00057015
0.256	-0.00051623
0.255	-0.00046275
0.254	-0.00041466
0.253	-0.00037413
0.252	-0.00034052
0.251	-0.00031353
0.25	-0.00029041
0.249	-0.00027098
0.248	-0.00025400
0.247	-0.00023943
0.246	-0.00022606
0.245	-0.00021427
0.244	-0.00020367
0.243	-0.00019371
0.242	-0.00018479
0.241	-0.00017660
0.24	-0.00016876
0.239	-0.00016176
0.238	-0.00015531
0.237	-0.00014881
0.236	-0.00014270
0.235	-0.00013732
0.234	-0.00013175
0.233	-0.00012676
0.232	-0.00012220
0.231	-0.00011778
0.23	-0.00011316
0.229	-0.00010907
0.228	-0.00010503
0.227	-0.00010138
0.226	-9.78E-05
0.225	-9.40E-05
0.224	-9.07E-05
0.223	-8.76E-05
0.222	-8.45E-05
0.221	-8.16E-05
0.22	-7.88E-05
0.219	-7.60E-05
0.218	-7.34E-05
0.217	-7.09E-05
0.216	-6.81E-05
0.215	-6.58E-05
0.214	-6.36E-05
0.213	-6.15E-05
0.212	-5.93E-05
0.211	-5.72E-05
0.21	-5.51E-05
0.209	-5.34E-05
0.208	-5.16E-05
0.207	-4.99E-05
0.206	-4.81E-05
0.205	-4.64E-05
0.204	-4.49E-05
0.203	-4.35E-05
0.202	-4.19E-05
0.201	-4.07E-05
0.2	-3.91E-05
0.199	-3.77E-05
0.198	-3.68E-05
0.197	-3.55E-05
0.196	-3.39E-05
0.195	-3.27E-05
0.194	-3.18E-05
0.193	-3.06E-05
0.192	-2.94E-05
0.191	-2.83E-05
0.19	-2.75E-05
0.189	-2.63E-05
0.188	-2.54E-05
0.187	-2.47E-05
0.186	-2.37E-05
0.185	-2.29E-05
0.184	-2.23E-05
0.183	-2.14E-05
0.182	-2.05E-05
0.181	-1.98E-05
0.18	-1.90E-05
0.179	-1.86E-05
0.178	-1.77E-05
0.177	-1.70E-05
0.176	-1.64E-05
0.175	-1.57E-05
0.174	-1.50E-05
0.173	-1.44E-05
0.172	-1.39E-05
0.171	-1.35E-05
0.17	-1.32E-05
0.169	-1.25E-05
0.168	-1.18E-05
0.167	-1.15E-05
0.166	-1.09E-05
0.165	-1.02E-05
0.164	-1.00E-05
0.163	-9.56E-06
0.162	-9.02E-06
0.161	-8.52E-06
0.16	-8.26E-06
0.159	-7.97E-06
0.158	-7.23E-06
0.157	-6.83E-06
0.156	-6.65E-06
0.155	-6.35E-06
0.154	-5.99E-06
0.153	-5.56E-06
0.152	-5.02E-06
0.151	-4.78E-06
0.15	-4.54E-06
0.149	-4.06E-06
0.148	-3.60E-06
0.147	-3.49E-06
0.146	-3.19E-06
0.145	-2.90E-06
0.144	-2.85E-06
0.143	-2.57E-06
0.142	-2.07E-06
0.141	-1.91E-06
0.14	-1.92E-06
0.139	-1.52E-06
0.138	-1.11E-06
0.137	-8.33E-07
0.136	-7.61E-07
0.135	-7.24E-07
0.134	-4.35E-07
0.133	-2.02E-07
0.132	3.39E-07
0.131	3.84E-07
0.13	3.65E-07
0.129	7.24E-07
0.128	8.18E-07
0.127	8.71E-07
0.126	1.11E-06
0.125	1.31E-06
0.124	1.59E-06
0.123	1.76E-06
0.122	2.02E-06
0.121	2.00E-06
0.12	2.15E-06
0.119	2.65E-06
0.118	2.63E-06
0.117	2.53E-06
0.116	2.74E-06
0.115	2.92E-06
0.114	3.13E-06
0.113	3.16E-06
0.112	3.39E-06
0.111	3.30E-06
0.11	3.49E-06
0.109	3.74E-06
0.108	4.19E-06
0.107	3.86E-06
0.106	3.91E-06
0.105	4.05E-06
0.104	4.24E-06
0.103	4.39E-06
0.102	4.48E-06
0.101	4.61E-06
0.1	4.61E-06
0.099	4.72E-06
0.098	4.93E-06
0.097	5.01E-06
0.096	5.09E-06
0.095	5.20E-06
0.094	5.60E-06
0.093	5.43E-06
0.092	5.41E-06
0.091	5.66E-06
0.09	5.67E-06
0.089	5.68E-06
0.088	5.86E-06
0.087	5.82E-06
0.086	5.92E-06
0.085	6.24E-06
0.084	6.29E-06
0.083	6.14E-06
0.082	6.31E-06
0.081	6.38E-06
0.08	6.54E-06
0.079	6.61E-06
0.078	6.47E-06
0.077	6.66E-06
0.076	6.76E-06
0.075	6.87E-06
0.074	6.93E-06
0.073	7.02E-06
0.072	6.98E-06
0.071	7.04E-06
0.07	7.07E-06
0.069	7.24E-06
0.068	7.36E-06
0.067	7.34E-06
0.066	7.37E-06
0.065	7.37E-06
0.064	7.32E-06
0.063	7.46E-06
0.062	7.63E-06
0.061	7.66E-06
0.06	7.71E-06
0.059	7.88E-06
0.058	7.84E-06
0.057	7.99E-06
0.056	8.00E-06
0.055	7.83E-06
0.054	8.03E-06
0.053	8.08E-06
0.052	8.03E-06
0.051	8.09E-06
0.05	8.17E-06
0.049	8.38E-06
0.048	8.46E-06
0.047	8.49E-06
0.046	8.44E-06
0.045	8.66E-06
0.044	8.53E-06
0.043	8.53E-06
0.042	8.73E-06
0.041	8.72E-06
0.04	8.73E-06
0.039	8.67E-06
0.038	8.75E-06
0.037	8.96E-06
0.036	9.13E-06
0.035	9.26E-06
0.034	9.17E-06
0.033	9.15E-06
0.032	9.21E-06
0.031	9.41E-06
0.03	9.33E-06
0.029	9.27E-06
0.028	9.22E-06
0.027	9.25E-06
0.026	9.62E-06
0.025	9.47E-06
0.024	9.39E-06
0.023	9.47E-06
0.022	9.65E-06
0.021	9.55E-06
0.02	9.57E-06
0.019	9.76E-06
0.018	9.99E-06
0.017	1.02E-05
0.016	1.00E-05
0.015	1.03E-05
0.014	1.00E-05
0.013	1.00E-05
0.012	1.00E-05
0.011	1.02E-05
0.01	1.03E-05
0.009	1.01E-05
0.008	1.01E-05
0.007	1.01E-05
0.006	1.04E-05
0.005	1.01E-05
0.004	1.00E-05
0.003	1.03E-05
0.002	1.05E-05
0.001	1.07E-05
